SIZES
  narena                53477376
  nbuffer               451040
  nplugin               0
  maxuse_stack          1896
  maxuse_arena          2680
  maxuse_con            0
  maxuse_efc            2
  solver_nisland        1
  ne                    0
  nf                    1
  nl                    0
  nefc                  1
  nnzJ                  8
  ncon                  0
  nisland               0
  threadpool            0

TIMER
    0:  duration =  0.17       number = 10
    1:  duration =  0.4        number = 17
    2:  duration =  0          number = 0
    3:  duration =  0.32       number = 17
    4:  duration =  0.017      number = 17
    5:  duration =  0.0082     number = 17
    6:  duration =  0.034      number = 17
    7:  duration =  0.0032     number = 10
    8:  duration =  0.074      number = 17
    9:  duration =  0.0082     number = 17
    10:  duration =  0.21       number = 17
    11:  duration =  0.016      number = 17
    12:  duration =  0.0008     number = 17
    13:  duration =  0.031      number = 17
    14:  duration =  0.005      number = 17

SOLVER STAT
  solver_nisland = 1
  solver_fwdinv =   0         0       
  ISLAND 0
    solver_niter = 1
    solver_nnz = 64
      0:  improvement =  0.007       gradient =  7.4e-17     lineslope =  0       
          nactive = 1   nchange = 0   neval = 2   nupdate = 0

ENERGY =   0         0       

TIME =  4.5     

QPOS
   1       
  -0.17    
   0.093   
   1.3     
  -0.024   
   0.58    
  -0.82    
   0.026   
  -1.2     

QVEL
   1.1     
   0.002   
  -0.017   
   0.0043  
   0.16    
   0.076   
  -0.018   
  -1       

ACT
   0.0058  
   0.0047  
   0.0046  
   0.001   
   0.001   
   0.001   

QACC_WARMSTART
  -1.3     
   0.029   
   0.32    
  -0.36    
   0.55    
   1.6     
  -0.31    
   3.3     

CTRL
   0.0056  
   0.0044  
   0.0043  
   0       
   0       
   0       
  -12      

QFRC_APPLIED
   0       
   0       
   0       
   0       
   0       
   0       
   0       
   0       

XFRC_APPLIED
   0         0         0         0         0         0       
   0         0         0         0         0         0       
   0         0         0         0         0         0       
   0         0         0         0         0         0       
   0         0         0         0         0         0       
   0         0         0         0         0         0       
   0         0         0         0         0         0       
   0         0         0         0         0         0       
   0         0         0         0         0         0       
   0         0         0         0         0         0       

QACC
  -1.3     
   0.029   
   0.32    
  -0.36    
   0.55    
   1.6     
  -0.31    
   3.3     

ACT_DOT
  -0.0037  
  -0.0037  
  -0.0037  
  -0.00027 
  -0.00013 
  -1.3e-05 

SENSOR
   4.3     
  -0.35    
  -1.7     
   0.0096  
   0.006   

XPOS
   0         0         0       
   0         0         0       
   0         0.08      1.4     
  -0.17      0.097     1.4     
  -0.16      0.091     1.1     
  -0.17      0.093     1.3     
  -0.2       0.11      1.2     
  -0.19      0.1       1.1     
  -0.21      0.05      1.1     
  -0.19     -0.016     1       

XQUAT
   1         0         0         0       
   1         0         0         0       
   0.5       0.5      -0.5      -0.5     
   0.5       0.5      -0.5      -0.5     
   0.68      0.21     -0.69     -0.16    
  -0.024     0.58     -0.82      0.025   
  -0.024     0.58     -0.82      0.025   
  -0.0079    0.64     -0.23      0.73    
   0.45      0.46     -0.68      0.35    
   0.45      0.46     -0.68      0.35    

XMAT
   1         0         0         0         1         0         0         0         1       
   1         0         0         0         1         0         0         0         1       
   0.0008   -5.6e-17  -1        -1         0.0008   -0.0008    0.0008    1         6.3e-07 
   0.0008   -5.6e-17  -1        -1         0.0008   -0.0008    0.0008    1         6.3e-07 
   0.0076   -0.061    -1        -0.51      0.86     -0.057     0.86      0.51     -0.025   
  -0.33     -0.94      0.068    -0.94      0.33     -0.014    -0.0092   -0.069    -1       
  -0.33     -0.94      0.068    -0.94      0.33     -0.014    -0.0092   -0.069    -1       
  -0.18     -0.29      0.94     -0.31     -0.89     -0.33      0.93     -0.35      0.068   
  -0.18     -0.94     -0.29     -0.31      0.33     -0.89      0.93     -0.068    -0.35    
  -0.18     -0.94     -0.29     -0.31      0.33     -0.89      0.93     -0.068    -0.35    

XIPOS
   0         0         0       
   0.0076    0.078     0.93    
  -1.4       0.079     1.5     
  -0.17      0.097     1.2     
  -0.15     -0.065     1       
  -0.17      0.093     1.3     
  -0.2       0.11      1.2     
  -0.19      0.1       1.1     
  -0.21      0.05      1.1     
  -0.19     -0.016     1       

XIMAT
   1         0         0         0         1         0         0         0         1       
   0.027     1         0.00011  -1         0.027     0.063     0.063    -0.0018    1       
  -0.0008   -1        -0.0008   -0.0016   -0.0008    1        -1         0.0008   -0.0016  
   0.0008   -1         1.6e-16  -1        -0.0008   -0.0008    0.0008    6.3e-07  -1       
  -1        -0.0076    0.061    -0.057     0.51     -0.86     -0.025    -0.86     -0.51    
  -0.33     -0.94      0.068    -0.94      0.33     -0.014    -0.0092   -0.069    -1       
  -0.33     -0.94      0.068    -0.94      0.33     -0.014    -0.0092   -0.069    -1       
  -0.18     -0.29      0.94     -0.31     -0.89     -0.33      0.93     -0.35      0.068   
  -0.18     -0.94     -0.29     -0.31      0.33     -0.89      0.93     -0.068    -0.35    
  -0.18     -0.94     -0.29     -0.31      0.33     -0.89      0.93     -0.068    -0.35    

XANCHOR
  -0.16      0.091     1.1     
  -0.17      0.093     1.3     
  -0.19      0.1       1.1     

XAXIS
  -1        -0.05      0.037   
   0         0         1       
   0.94     -0.33      0.068   

GEOM_XPOS
   0.0076    0.078     0.93    
  -0.17      0.097     1.3     
  -0.17      0.091     1.4     
  -0.17      0.098     1.4     
  -0.16      0.094     1.1     
  -0.17      0.024     1.1     
  -0.2      -0.039     1       
  -0.2      -0.13      0.98    
  -0.22     -0.14      0.98    
  -0.19     -0.15      0.99    
  -0.19     -0.14      0.98    
  -0.21     -0.15      0.97    
  -0.22     -0.15      0.98    
  -0.22     -0.15      0.97    
  -0.2      -0.15      0.97    
  -0.24     -0.17      0.98    
  -0.23     -0.18      0.96    
  -0.21     -0.18      0.95    
  -0.2      -0.18      0.95    
  -0.19     -0.18      0.96    
  -0.26     -0.21      0.98    
  -0.27     -0.23      0.98    
  -0.24     -0.22      0.93    
  -0.24     -0.25      0.91    
  -0.25     -0.27      0.9     
  -0.22     -0.22      0.93    
  -0.22     -0.25      0.91    
  -0.22     -0.28      0.9     
  -0.2      -0.22      0.94    
  -0.2      -0.25      0.92    
  -0.19     -0.27      0.91    
  -0.19     -0.22      0.95    
  -0.18     -0.25      0.94    
  -0.18     -0.26      0.94    
  -0.17      0.093     1.3     
  -0.2       0.11      1.2     
  -0.19      0.1       1.1     
  -0.21      0.05      1.1     
  -0.19     -0.016     1       

GEOM_XMAT
   0.027     1         0.00011  -1         0.027     0.063     0.063    -0.0018    1       
   0.023    -1         0.039    -1        -0.024    -0.012     0.013    -0.039    -1       
  -0.7      -0.28      0.65      0.55      0.35      0.75     -0.44      0.89     -0.092   
   0.0008   -5.6e-17  -1        -1         0.0008   -0.0008    0.0008    1         6.3e-07 
   0.016     0.14     -0.99     -0.99      0.16      0.0056    0.15      0.98      0.14    
  -0.89     -0.43     -0.14     -0.08      0.45     -0.89      0.45     -0.78     -0.44    
  -0.3      -0.94     -0.16     -0.41      0.27     -0.87      0.86     -0.19     -0.47    
  -0.74     -0.58     -0.33      0.66     -0.55     -0.51      0.11     -0.6       0.79    
  -0.92     -0.045    -0.4       0.34     -0.6      -0.72     -0.2      -0.8       0.57    
  -0.83     -0.54      0.14     -0.43      0.47     -0.77      0.35     -0.7      -0.62    
  -0.84      0.4       0.37     -0.32      0.19     -0.93     -0.44     -0.9      -0.029   
  -0.96      0.26      0.079     0.12      0.67     -0.74     -0.25     -0.7      -0.67    
  -0.45     -0.85     -0.28     -0.76      0.53     -0.38      0.47      0.041    -0.88    
  -0.82     -0.078     0.57     -0.026    -0.98     -0.17      0.57     -0.16      0.8     
  -0.73      0.53      0.42     -0.32      0.27     -0.91     -0.6      -0.8      -0.03    
   0.44     -0.76     -0.49     -0.19      0.45     -0.87      0.88      0.47      0.051   
  -0.48     -0.86     -0.19     -0.38      0.4      -0.83      0.79     -0.32     -0.52    
  -0.98     -0.19     -0.056    -0.044     0.49     -0.87      0.19     -0.85     -0.49    
  -0.93      0.35      0.046     0.11      0.41     -0.91     -0.34     -0.84     -0.42    
   0.4      -0.91      0.088    -0.29     -0.22     -0.93      0.87      0.35     -0.35    
  -0.87      0.086    -0.49      0.48     -0.033    -0.87     -0.091    -1        -0.013   
  -0.87      0.071    -0.49      0.49     -0.082    -0.87     -0.1      -0.99      0.037   
   0.22     -0.95     -0.2      -0.56      0.05     -0.83      0.8       0.3      -0.52    
   0.2      -0.97     -0.17     -0.48      0.053    -0.87      0.85      0.25     -0.46    
   0.036    -0.98     -0.19     -0.48      0.15     -0.87      0.88      0.12     -0.46    
   0.052    -1        -0.057    -0.49      0.024    -0.87      0.87      0.073    -0.49    
  -0.043    -1        -0.09     -0.43      0.099    -0.9       0.9      -0.0002   -0.43    
   0.04     -1        -0.09     -0.46      0.062    -0.89      0.89      0.077    -0.45    
  -0.36     -0.93      0.057    -0.41      0.1      -0.91      0.84     -0.35     -0.41    
  -0.37     -0.93      0.026    -0.38      0.13     -0.92      0.85     -0.35     -0.4     
  -0.53     -0.85      0.068    -0.46      0.22     -0.86      0.71     -0.48     -0.51    
  -0.7      -0.71      0.092    -0.29      0.16     -0.94      0.66     -0.68     -0.32    
  -0.67     -0.74      0.11     -0.31      0.14     -0.94      0.68     -0.66     -0.32    
  -0.68     -0.72      0.13     -0.31      0.12     -0.94      0.66     -0.68     -0.31    
  -0.33     -0.94      0.068    -0.94      0.33     -0.014    -0.0092   -0.069    -1       
  -0.33     -0.94      0.068    -0.94      0.33     -0.014    -0.0092   -0.069    -1       
  -0.18     -0.29      0.94     -0.31     -0.89     -0.33      0.93     -0.35      0.068   
  -0.18     -0.94     -0.29     -0.31      0.33     -0.89      0.93     -0.068    -0.35    
  -0.18     -0.94     -0.29     -0.31      0.33     -0.89      0.93     -0.068    -0.35    

SITE_XPOS
  -0.15      0.13      1.4     
  -0.15      0.12      1.4     
  -0.16      0.11      1.4     
  -0.13      0.075     1.4     
  -0.15      0.087     1.4     
  -0.16      0.12      1.3     
  -0.16      0.13      1.2     
  -0.16      0.11      1.1     
  -0.17      0.1       1.3     
  -0.18      0.12      1.2     
  -0.16      0.13      1.2     
  -0.16      0.11      1.1     
  -0.16      0.11      1.3     
  -0.16      0.12      1.2     
  -0.16      0.13      1.2     
  -0.16      0.11      1.1     
  -0.18      0.076     1.4     
  -0.18      0.074     1.4     
  -0.17      0.084     1.4     
  -0.17      0.087     1.3     
  -0.17      0.08      1.3     
  -0.16      0.074     1.2     
  -0.16      0.086     1.3     
  -0.16      0.08      1.3     
  -0.16      0.074     1.2     
  -0.17      0.09      1.2     
  -0.15      0.097     1.4     
  -0.14      0.12      1.4     
  -0.19      0.12      1.1     
  -0.19      0.12      1.1     
  -0.16      0.13      1.1     
  -0.19      0.078     1.1     
  -0.17      0.097     1.3     
  -0.16      0.11      1.1     
  -0.16      0.11      1.1     
  -0.16      0.11      1.1     
  -0.18      0.044     1.1     
  -0.18      0.044     1.1     
  -0.16      0.072     1.1     
  -0.21     -0.14      0.98    
  -0.19     -0.021     1       
  -0.17      0.093     1.3     
  -0.19     -0.016     1       

SITE_XMAT
   0.0008   -5.6e-17  -1        -1         0.0008   -0.0008    0.0008    1         6.3e-07 
   0.0008   -5.6e-17  -1        -1         0.0008   -0.0008    0.0008    1         6.3e-07 
   0.0008   -5.6e-17  -1        -1         0.0008   -0.0008    0.0008    1         6.3e-07 
   0.0008   -5.6e-17  -1        -1         0.0008   -0.0008    0.0008    1         6.3e-07 
   0.0008   -5.6e-17  -1        -1         0.0008   -0.0008    0.0008    1         6.3e-07 
   0.0008   -5.6e-17  -1        -1         0.0008   -0.0008    0.0008    1         6.3e-07 
   0.0008   -5.6e-17  -1        -1         0.0008   -0.0008    0.0008    1         6.3e-07 
   0.0008   -5.6e-17  -1        -1         0.0008   -0.0008    0.0008    1         6.3e-07 
   0.0008   -5.6e-17  -1        -1         0.0008   -0.0008    0.0008    1         6.3e-07 
   0.0008   -5.6e-17  -1        -1         0.0008   -0.0008    0.0008    1         6.3e-07 
   0.0008   -5.6e-17  -1        -1         0.0008   -0.0008    0.0008    1         6.3e-07 
   0.0008   -5.6e-17  -1        -1         0.0008   -0.0008    0.0008    1         6.3e-07 
   0.0008   -5.6e-17  -1        -1         0.0008   -0.0008    0.0008    1         6.3e-07 
   0.0008   -5.6e-17  -1        -1         0.0008   -0.0008    0.0008    1         6.3e-07 
   0.0008   -5.6e-17  -1        -1         0.0008   -0.0008    0.0008    1         6.3e-07 
   0.0008   -5.6e-17  -1        -1         0.0008   -0.0008    0.0008    1         6.3e-07 
   0.0008   -5.6e-17  -1        -1         0.0008   -0.0008    0.0008    1         6.3e-07 
   0.0008   -5.6e-17  -1        -1         0.0008   -0.0008    0.0008    1         6.3e-07 
   0.0008   -5.6e-17  -1        -1         0.0008   -0.0008    0.0008    1         6.3e-07 
   0.0008   -5.6e-17  -1        -1         0.0008   -0.0008    0.0008    1         6.3e-07 
   0.0008   -5.6e-17  -1        -1         0.0008   -0.0008    0.0008    1         6.3e-07 
   0.0008   -5.6e-17  -1        -1         0.0008   -0.0008    0.0008    1         6.3e-07 
   0.0008   -5.6e-17  -1        -1         0.0008   -0.0008    0.0008    1         6.3e-07 
   0.0008   -5.6e-17  -1        -1         0.0008   -0.0008    0.0008    1         6.3e-07 
   0.0008   -5.6e-17  -1        -1         0.0008   -0.0008    0.0008    1         6.3e-07 
   0.0008   -5.6e-17  -1        -1         0.0008   -0.0008    0.0008    1         6.3e-07 
   0.0008   -5.6e-17  -1        -1         0.0008   -0.0008    0.0008    1         6.3e-07 
   0.0008   -5.6e-17  -1        -1         0.0008   -0.0008    0.0008    1         6.3e-07 
   0.0008   -5.6e-17  -1        -1         0.0008   -0.0008    0.0008    1         6.3e-07 
   0.0008   -5.6e-17  -1        -1         0.0008   -0.0008    0.0008    1         6.3e-07 
   0.0008   -5.6e-17  -1        -1         0.0008   -0.0008    0.0008    1         6.3e-07 
   0.0008   -5.6e-17  -1        -1         0.0008   -0.0008    0.0008    1         6.3e-07 
   0.0008   -5.6e-17  -1        -1         0.0008   -0.0008    0.0008    1         6.3e-07 
   0.0076   -0.061    -1        -0.51      0.86     -0.057     0.86      0.51     -0.025   
   0.0076   -0.061    -1        -0.51      0.86     -0.057     0.86      0.51     -0.025   
   0.0076   -0.061    -1        -0.51      0.86     -0.057     0.86      0.51     -0.025   
   0.0076   -0.061    -1        -0.51      0.86     -0.057     0.86      0.51     -0.025   
   0.0076   -0.061    -1        -0.51      0.86     -0.057     0.86      0.51     -0.025   
   0.0076   -0.061    -1        -0.51      0.86     -0.057     0.86      0.51     -0.025   
   0.0076   -0.061    -1        -0.51      0.86     -0.057     0.86      0.51     -0.025   
   0.0076   -0.061    -1        -0.51      0.86     -0.057     0.86      0.51     -0.025   
  -0.33     -0.94      0.068    -0.94      0.33     -0.014    -0.0092   -0.069    -1       
  -0.18     -0.94     -0.29     -0.31      0.33     -0.89      0.93     -0.068    -0.35    

SUBTREE_COM
  -0.004     0.075     0.94    
   0.00058   0.075     0.94    
  -0.16      0.024     1.1     
  -0.16      0.024     1.1     
  -0.15     -0.065     1       
  -0.19      0.071     1.1     
  -0.19      0.064     1.1     
  -0.19      0.063     1.1     
  -0.19     -0.015     1       
  -0.19     -0.016     1       

CDOF
  -1        -0.05      0.037     0.0088   -0.16      0.024   
   0         0         0         1         0         0       
   0         0         0         0         1         0       
   0         0         0         0         0         1       
  -0.33     -0.94     -0.0092    0.15     -0.054    -0.0092  
  -0.94      0.33     -0.069    -0.055    -0.15      0.027   
   0.068    -0.014    -1        -0.02      0.028    -0.0017  
   0.94     -0.33      0.068    -0.011    -0.038    -0.028   

CINERT
   0         0         0         0         0         0         0         0         0         0       
   16        16        0.48     -0.0062    0.003    -1         0.55      0.17     -0.62      78      
   0.0013    0.0033    0.003     5.1e-06   0.00076  -2e-06    -0.0014    3.7e-06   0.00054   0.001   
   0.15      0.21      0.06      0.007     0.087    -0.011    -0.32      0.041     0.51      1.9     
   0.058     0.047     0.078    -0.031     0.017     0.0077   -0.23     -0.22      0.11      1.5     
   0.014     0.014     0.0014   -0.00019  -0.0014   -0.0018    0.0088    0.011     0.081     0.5     
   0.001     0.001     0.001     4.5e-06   7.9e-06  -2e-05    -0.00013   0.00034   0.00059   0.01    
   0.0037    0.0027    0.0021    0.00021  -0.00027   0.0013   -0.0066    0.033    -0.041     1       
   0.001     0.001     0.001    -5e-06    -1.5e-05  -1.3e-05  -0.00024  -0.00021  -0.00062   0.01    
   0.008     0.0042    0.0048   -0.00016  -0.00014  -0.0035   -0.0018   -0.044    -0.04      0.5     

TEN_LENGTH
   0.3     
   0.19    
   0.18    
   0.39    
   0.31    
   0.13    
   0.012   
   0.0096  

TEN_MOMENT
   0.021     0         0         0         0         0         0         0       
   0.021     0         0         0         0         0         0         0       
   0.021     0         0         0         0         0         0         0       
  -0.04      0         0         0         0         0         0         0       
  -0.04      0         0         0         0         0         0         0       
  -0.017     0         0         0         0         0         0         0       
   0        -0.066    -0.36     -0.93      0         0         0         0       
  -0.067     0.082     0.44      0.89     -0.0023   -0.0091    0.0011   -0.082   

TENDON 0: 5 wrap points
    -1:   -0.15      0.13      1.4     
    -1:   -0.16      0.12      1.3     
    -1:   -0.16      0.13      1.2     
    -1:   -0.16      0.11      1.1     
    -1:   -0.16      0.11      1.1     

TENDON 1: 5 wrap points
    -1:   -0.17      0.1       1.3     
    -1:   -0.18      0.12      1.2     
    -1:   -0.16      0.13      1.2     
    -1:   -0.16      0.11      1.1     
    -1:   -0.16      0.11      1.1     

TENDON 2: 5 wrap points
    -1:   -0.16      0.11      1.3     
    -1:   -0.16      0.12      1.2     
    -1:   -0.16      0.13      1.2     
    -1:   -0.16      0.11      1.1     
    -1:   -0.16      0.11      1.1     

TENDON 3: 11 wrap points
    -1:   -0.15      0.12      1.4     
    -1:   -0.16      0.11      1.4     
    3:   -0.16      0.098     1.4     
    3:   -0.17      0.089     1.4     
    -1:   -0.18      0.076     1.4     
    -1:   -0.18      0.074     1.4     
    -1:   -0.17      0.084     1.4     
    -1:   -0.17      0.087     1.3     
    -1:   -0.17      0.08      1.3     
    -1:   -0.16      0.074     1.2     
    -1:   -0.18      0.044     1.1     

TENDON 4: 6 wrap points
    -1:   -0.13      0.075     1.4     
    -1:   -0.15      0.087     1.4     
    -1:   -0.16      0.086     1.3     
    -1:   -0.16      0.08      1.3     
    -1:   -0.16      0.074     1.2     
    -1:   -0.18      0.044     1.1     

TENDON 5: 2 wrap points
    -1:   -0.17      0.09      1.2     
    -1:   -0.16      0.072     1.1     

TENDON 6: 2 wrap points
    -1:   -0.17      0.093     1.3     
    -1:   -0.17      0.097     1.3     

TENDON 7: 2 wrap points
    -1:   -0.19     -0.016     1       
    -1:   -0.19     -0.021     1       

ACTUATOR_LENGTH
   0.3     
   0.19    
   0.18    
   0.39    
   0.31    
   0.13    
  -1.2     

ACTUATOR_MOMENT
   0.021     0         0         0         0         0         0         0       
   0.021     0         0         0         0         0         0         0       
   0.021     0         0         0         0         0         0         0       
  -0.04      0         0         0         0         0         0         0       
  -0.04      0         0         0         0         0         0         0       
  -0.017     0         0         0         0         0         0         0       
   0         0         0         0         0         0         0         1       

CRB
   0         0         0         0         0         0         0         0         0         0       
   16        17        0.62     -0.03      0.11     -1        -1.1e-16   7.2e-16   4.6e-15   81      
   0.21      0.26      0.14     -0.024     0.1      -0.0035   -0.55     -0.17      0.62      3.4     
   0.21      0.26      0.14     -0.024     0.1      -0.0035   -0.54     -0.17      0.62      3.4     
   0.058     0.047     0.078    -0.031     0.017     0.0077   -0.23     -0.22      0.11      1.5     
   0.028     0.023     0.01     -0.00014  -0.0018   -0.004     2.6e-17   1.2e-17  -8.3e-17   2       
   0.014     0.009     0.009     5.6e-05  -0.00042  -0.0022   -0.0088   -0.011    -0.081     1.5     
   0.013     0.008     0.0079    5.2e-05  -0.00043  -0.0022   -0.0086   -0.011    -0.081     1.5     
   0.0091    0.0053    0.0058   -0.00016  -0.00016  -0.0035   -0.002    -0.044    -0.041     0.51    
   0.008     0.0042    0.0048   -0.00016  -0.00014  -0.0035   -0.0018   -0.044    -0.04      0.5     

QM
   0.08      0         0         0         0         0         0         0       
   0         2         0         0         0.31     -0.11     -0.04      0.011   
   0         0         2         0        -0.11     -0.3       0.057     0.019   
   0         0         0         2        -0.018     0.054    -0.0035   -0.057   
   0         0.31     -0.11     -0.018     0.076    -2.2e-05  -0.014     1.1e-05 
   0        -0.11     -0.3       0.054    -2.2e-05   0.081    -0.0081   -0.014   
   0        -0.04      0.057    -0.0035   -0.014    -0.0081    0.013     1.5e-05 
   0         0.011     0.019    -0.057     1.1e-05  -0.014     1.5e-05   0.01    

QLD
   0.08      0         0         0         0         0         0         0       
   0         0.61     -0.041     0.057     4.1      -2.2      -3.1       1.1     
   0        -0.041     0.56     -0.023    -1.4      -4.3       4.4       1.8     
   0         0.057    -0.023     1.7      -0.44     -0.5      -0.26     -5.5     
   0         4.1      -1.4      -0.44      0.061    -0.15     -1.1       0.0011  
   0        -2.2      -4.3      -0.5      -0.15      0.056    -0.62     -1.4     
   0        -3.1       4.4      -0.26     -1.1      -0.62      0.013     0.0015  
   0         1.1       1.8      -5.5       0.0011   -1.4       0.0015    0.01    

QLDIAGINV
   12      
   1.6     
   1.8     
   0.59    
   17      
   18      
   77      
   98      

QLDIAGSQRTINV
   3.5     
   1.3     
   1.3     
   0.77    
   4.1     
   4.2     
   8.8     
   9.9     

B_rownnz              8 1 1 1 1 7 7 7 7 7

B_rowadr              0 8 9 10 11 12 19 26 33 40

B_colind              0 1 2 3 4 5 6 7 0 0 0 0 1 2 3 4 5 6 7 1 2 3 4 5 6 7 1 2 3 4 5 6 7 1 2 3 4 5 6 7 1 2 3 4 5 6 7

C_rownnz              1 7 7 7 7 7 7 7

C_rowadr              0 1 8 15 22 29 36 43

C_colind              0 1 2 3 4 5 6 7 1 2 3 4 5 6 7 1 2 3 4 5 6 7 1 2 3 4 5 6 7 1 2 3 4 5 6 7 1 2 3 4 5 6 7 1 2 3 4 5 6 7

mapM2C                0 1 3 6 10 15 21 28 3 2 5 9 14 20 27 6 5 4 8 13 19 26 10 9 8 7 12 18 25 15 14 13 12 11 17 24 21 20 19 18 17 16 23 28 27 26 25 24 23 22

D_rownnz              1 7 7 7 7 7 7 7

D_rowadr              0 1 8 15 22 29 36 43

D_colind              0 1 2 3 4 5 6 7 1 2 3 4 5 6 7 1 2 3 4 5 6 7 1 2 3 4 5 6 7 1 2 3 4 5 6 7 1 2 3 4 5 6 7 1 2 3 4 5 6 7

mapM2D                0 1 3 6 10 15 21 28 3 2 5 9 14 20 27 6 5 4 8 13 19 26 10 9 8 7 12 18 25 15 14 13 12 11 17 24 21 20 19 18 17 16 23 28 27 26 25 24 23 22

mapD2M                0 1 9 8 17 16 15 25 24 23 22 33 32 31 30 29 41 40 39 38 37 36 49 48 47 46 45 44 43

QDERIV
   0         0         0         0         0         0         0         0       
   0         0         0         0         0         0         0         0       
   0         0         0         0         0         0         0         0       
   0         0         0         0         0         0         0         0       
   0         0         0         0         0         0         0         0       
   0         0         0         0         0         0         0         0       
   0         0         0         0         0         0         0         0       
   0         0         0         0         0         0         0         0       

QLU
   0         0         0         0         0         0         0         0       
   0         0         0         0         0         0         0         0       
   0         0         0         0         0         0         0         0       
   0         0         0         0         0         0         0         0       
   0         0         0         0         0         0         0         0       
   0         0         0         0         0         0         0         0       
   0         0         0         0         0         0         0         0       
   0         0         0         0         0         0         0         0       

CONTACT
EFC_TYPE
  1

EFC_ID
  7

EFC_J
   0         0         0         0         0         0         0         1       

EFC_POS
   0       

EFC_MARGIN
   0       

EFC_FRICTIONLOSS
   15      

EFC_DIAGAPPROX
   2.6e+02 

EFC_KBIP
   0         1.1e+02   0.9       0       

EFC_D
   0.035   

EFC_R
   29      

TEN_VELOCITY
   0.024   
   0.024   
   0.024   
  -0.046   
  -0.046   
  -0.019   
   0.0015  
   0.006   

ACTUATOR_VELOCITY
   0.024   
   0.024   
   0.024   
  -0.046   
  -0.046   
  -0.019   
  -1.1     

CVEL
   0         0         0         0         0         0       
   0         0         0         0         0         0       
   0         0         0         0         0         0       
   0         0         0         0         0         0       
  -1.1      -0.057     0.042     0.0099   -0.18      0.027   
  -0.12     -0.12      0.01      0.022    -0.038     0.0057  
  -0.12     -0.12      0.01      0.022    -0.038     0.0057  
  -1.1       0.23     -0.061     0.034     0.0019    0.036   
  -1.1       0.23     -0.061     0.034     0.0019    0.036   
  -1.1       0.23     -0.061     0.034     0.0019    0.036   

CDOF_DOT
   0        -0         0         0         0         0       
   0         0         0         0         0         0       
   0         0         0         0         0         0       
   0         0         0         0         0         0       
   0         0         0         0.005    -0.0017   -0.0078  
  -0         0         0        -0.00047  -0.0047   -0.016   
   0         0        -0         0.018     0.0023    0.0012  
  -0.0049    0.018     0.16      0.0032    0.0002    0.032   

QFRC_BIAS
   2.4     
   0.0055  
   0.075   
   20      
  -0.19    
   0.51    
  -0.032   
  -0.56    

QFRC_SPRING
   4.6     
   0.11    
   0.19    
   19      
   0.16    
   0.63    
  -0.072   
   5.6     

QFRC_DAMPER
  -0.56    
  -0.0091  
   0.0076  
  -0.063   
  -0.31    
  -0.15    
   0.034   
   2.1     

QFRC_GRAVCOMP
   0       
   0       
   0       
   0       
   0       
   0       
   0       
   0       

QFRC_FLUID
   0       
   0       
   0       
   0       
   0       
   0       
   0       
   0       

QFRC_PASSIVE
   4       
   0.097   
   0.2     
   19      
  -0.16    
   0.48    
  -0.038   
   7.7     

EFC_VEL
  -1.1     

EFC_AREF
   1.1e+02 

SUBTREE_LINVEL
   0         0         0       
   0         0         0       
   0         0         0       
   0         0         0       
   0         0         0       
   0         0         0       
   0         0         0       
   0         0         0       
   0         0         0       
   0         0         0       

SUBTREE_ANGMOM
   0         0         0       
   0         0         0       
   0         0         0       
   0         0         0       
   0         0         0       
   0         0         0       
   0         0         0       
   0         0         0       
   0         0         0       
   0         0         0       

ACTUATOR_FORCE
  -92      
  -2.5     
  -2.2     
  -6.4     
  -0.4     
  -0.92    
  -12      

QFRC_ACTUATOR
  -1.8     
   0       
   0       
   0       
   0       
   0       
   0       
  -12      

QFRC_SMOOTH
  -0.1     
   0.092   
   0.13    
  -0.84    
   0.027   
  -0.032   
  -0.0065  
  -3.7     

QACC_SMOOTH
  -1.3     
  -5.9     
  -32      
  -15      
  -39      
  -2.6e+02 
  -85      
  -7.4e+02 

EFC_B
  -8.6e+02 

EFC_FORCE
   3.8     

EFC_STATE
  1

QFRC_CONSTRAINT
   0       
   0       
   0       
   0       
   0       
   0       
   0       
   3.8     

QFRC_INVERSE
   0       
   0       
   0       
   0       
   0       
   0       
   0       
   0       

CACC
   0         0         0        -0        -0         9.8     
   0         0         0         0         0         9.8     
   0         0         0         0         0         9.8     
   0         0         0         0         0         9.8     
   1.3       0.065    -0.048    -0.011     0.2       9.8     
  -1.7       0.033     0.19      0.028     0.031     9.5     
  -1.7       0.033     0.19      0.028     0.031     9.5     
   1.4      -1.1       0.25     -0.013    -0.096     9.4     
   1.4      -1.1       0.25     -0.013    -0.096     9.4     
   1.4      -1.1       0.25     -0.013    -0.096     9.4     

CFRC_INT
  -0.0055   -0.027    -0.068     0.068     0.69      8.1e+02 
   0.0096   -0.02     -0.076    -0.03      0.49      7.9e+02 
  -1.7       5.3      -0.076    -0.03      0.49      33      
  -1.7       5.3      -0.076    -0.03      0.49      33      
  -2.1       2.2      -0.076    -0.03      0.49      15      
  -0.015    -0.007     0.0082    0.097     0.2       19      
  -0.092     0.073     0.0055    0.083     0.043     14      
  -0.093     0.072     0.0054    0.083     0.042     14      
  -0.4       0.012     0.0055    0.062     0.083     4.8     
  -0.4       0.011     0.0053    0.061     0.082     4.7     

CFRC_EXT
   0         0         0         0         0         0       
   0         0         0         0         0         0       
   0         0         0         0         0         0       
   0         0         0         0         0         0       
   0         0         0         0         0         0       
   0         0         0         0         0         0       
   0         0         0         0         0         0       
   0         0         0         0         0         0       
   0         0         0         0         0         0       
   0         0         0         0         0         0       

TENDON_EFCADR         -1 -1 -1 -1 -1 -1 -1 -1

